Webots Project File version R2023b
perspectives: 000000ff00000000fd00000002000000010000025200000301fc0200000001fb0000001400540065007800740045006400690074006f00720100000016000003010000008600ffffff0000000300000780000000c3fc0100000001fb0000001a0043006f006e0073006f006c00650041006c006c0041006c006c0100000000000007800000006900ffffff0000052c0000030100000001000000020000000100000008fc00000000
simulationViewPerspectives: 000000ff000000010000000200000100000004fd0100000002010000000100
sceneTreePerspectives: 000000ff00000001000000030000001e000001b0000001b80100000002010000000200
minimizedPerspectives: 000000ff00000000fd00000002000000010000017f000003c6fc0200000001fb0000001400540065007800740045006400690074006f00720100000016000003c60000008600ffffff0000000300000780000000c3fc0100000001fb0000001a0043006f006e0073006f006c00650041006c006c0041006c006c0100000000000007800000000000000000000005ff000003c600000001000000020000000100000008fc00000000
maximizedDockId: -1
centralWidgetVisible: 1
projectionMode: PERSPECTIVE
orthographicViewHeight: 2.59374
textFiles: 0 "controllers/IESL_new/IESL_new.py"
globalOptionalRendering: CameraFrustums::DistanceSensorRays::LightSensorRays::LidarRaysPaths
consoles: Console:All:All
renderingDevicePerspectives: robot:camera;1;3.9375;0.0399373;0.0437236
